0.675053000345 -0.525078546866 0.518262449292
-0.412994816804 -0.0674548343312 0.908231868312
-0.022216969865 -0.868825249244 -0.494620149737
-0.741162802933 0.596638731482 0.307733527008
0.810297822517 -0.410066558254 -0.41864406914
0.895332004623 0.445359811711 -0.00593629606357
0.125364915982 0.974923824799 0.183867271912
-0.640180197214 -0.187134611724 -0.745083855811
-0.209349680175 -0.873048766571 0.440407269012
0.442232374109 0.346483317367 0.827272529506
0.235505372835 0.120072220139 -0.964427229664
-0.395381986538 0.718201094267 -0.5725908425
-0.933741735658 -0.324177566657 0.151773767055
