0.768296809484 -0.105137892803 0.631400060211
-0.337228745043 0.941031008962 -0.0271553620445
0.631975823006 -0.774232509805 -0.034213738435
0.477701822794 -0.277604170166 -0.83350878412
0.210348443823 0.633408604895 -0.744679173488
0.930220042479 0.294361999195 -0.219184137202
0.236397464404 0.684143385523 0.689973961008
-0.660479538376 0.361812716781 0.657919704343
-0.95677401011 -0.289518822609 0.0276105945726
-0.409196769923 -0.597141264819 -0.689913265081
-0.279725221646 -0.941091742021 0.190000351251
-0.101219318017 -0.362332102803 0.926536613922
-0.684362608339 0.315296383665 -0.657446583956
