0.22156231963 -0.722031940338 -0.655423539135
0.0879092686069 0.166888618696 -0.982048954708
0.0229493511868 0.918658718476 -0.394384946782
-0.770750633729 -0.0694074351311 -0.633345141731
-0.0140231478362 0.830249338875 0.557215745132
-0.816671516321 -0.179214396068 0.548570719846
-0.548349799942 -0.830432836563 -0.098457101627
0.881366199159 -0.472335378428 -0.00963915271262
-0.782548005197 0.621987814824 0.0273820702703
0.784921883354 0.304799193632 0.539439606067
0.0109089910002 -0.0172361922164 0.999791932151
0.175641494601 -0.831838919943 0.526492237969
0.821894352902 0.393208509311 -0.412161061811
