0.0343298396407 -0.974475952994 0.221851479927
-0.104602448674 -0.721412464687 -0.684559992642
0.798327381836 0.322934207244 -0.508317704987
0.0478325379942 0.261624563747 0.963983732204
0.0648573539992 0.91750245142 -0.392406390455
0.658741746896 -0.392548048251 0.641845262279
-0.480411239997 0.791927112276 0.376903819729
0.748768517067 -0.599750242306 -0.282215085889
0.623096007585 0.701051293379 0.346811835701
-0.565073176276 -0.420132634549 0.710056951828
-0.012285611272 0.176711650217 -0.984185986708
-0.761126336458 0.451358133184 -0.465792373872
-0.871366630559 -0.452356998101 -0.189982476606
