0.454320359471 -0.209754243065 0.865792220158
-0.636072629558 0.418049208508 0.648572639874
-0.109507177694 0.979016839833 -0.171855187167
-0.441239921892 -0.511160619481 0.737578573727
-0.837867735579 -0.530317111327 -0.129388635938
0.824076616238 -0.563183787759 0.0610061617765
-0.0235219575085 -0.999183826291 0.0328389828316
0.656028422448 -0.0895695091084 -0.749402436597
0.922331782105 0.384926513602 0.0336995971091
-0.868603694206 0.411391771207 -0.276196366728
-0.166719958874 -0.568344928649 -0.805722345099
0.273933439582 0.702900151102 0.656423528112
-0.158317273383 0.379297266934 -0.91162998209
