0.320406686853 0.938593723031 -0.127989757818
0.612886320435 -0.46450285251 -0.639224106425
-0.173591038334 -0.523670840356 0.834047362187
0.670179303989 -0.0919529415352 0.736481063605
-0.964854300636 -0.115040252186 -0.236266626761
-0.746876502074 0.208043689794 0.631580013764
0.46444494252 -0.859502368182 0.213416434367
0.0836051907266 0.656927376509 0.749304073175
-0.44683715044 -0.892751364346 -0.0577196885354
0.965202842649 0.23947501796 -0.105048504585
-0.308420799066 -0.394192623798 -0.865730203959
-0.537160262844 0.703126848487 -0.465909311946
0.248160986515 0.376885237286 -0.892397693121
