-0.299741583948 -0.127271071443 -0.945493023362
0.447702708203 0.439803441858 -0.778546862814
-0.589052409044 0.613148479019 0.526370783836
-0.123389049738 0.966191858797 -0.226381170593
0.265395934232 0.387438428161 0.882868315479
-0.800108254855 -0.565975950982 -0.198741046146
-0.0845958892216 -0.950262930938 0.29973971644
0.95195011062 -0.173932846866 -0.252068148863
0.72485956452 0.681384927838 0.101455368703
-0.857263914942 0.372213828355 -0.355746322707
0.282597661115 -0.777071848121 -0.562403684901
0.655821502337 -0.439232665708 0.613981125482
-0.429952217198 -0.263891558406 0.863424771667
