-0.107272626246 -0.713286446244 -0.69261463258
-0.403879345402 0.632851583102 -0.660590908296
0.954134053883 0.205043529537 0.218140684457
0.132508884168 -0.972154946377 0.193277406467
0.333759954982 0.0958493019179 -0.937772469084
-0.836165637143 0.517568767973 0.181520240417
0.767907061938 -0.528309949711 -0.362225539219
0.272754718071 0.751948290102 0.600148842191
-0.86499430625 -0.179444349852 -0.468598522684
0.454870139497 -0.334904934529 0.825185943301
0.471300350324 0.817828080309 -0.330201772926
-0.71697836978 -0.582584884215 0.382801345285
-0.373784573329 0.127587835916 0.91869822949
