0.497186912918 -0.666689048765 -0.555275504484
-0.118075522881 -0.340298653377 0.932874588252
0.0811189544681 -0.966019159488 0.245411284843
0.533515982201 0.334187835431 0.77696794489
-0.880724148495 -0.0067919113039 0.473580873979
0.433361355946 0.900991100143 0.0203217281806
0.809785005952 0.230996279443 -0.539341230594
-0.030142857178 0.640137198385 -0.767669053306
-0.479078466215 0.832475143671 0.278332460162
-0.281462215558 -0.2635343192 -0.922674744326
0.877900460777 -0.394031183182 0.272084927272
-0.715640588205 -0.674012220894 -0.183210465312
-0.851907424307 0.309398291134 -0.422523890277
