-0.375396599819 -0.477181008407 0.794591516479
0.452568610576 0.861982355447 0.228403309125
0.5648950583 -0.304517286315 0.766917724038
-0.313162489733 -0.949055141783 -0.0349798925143
-0.04940965954 0.414703735543 0.908614052979
0.080201383286 -0.568039803017 -0.819083951929
-0.715301079585 0.647528898022 0.262774983152
0.627129157906 -0.776391349847 -0.0626537403985
0.529865107975 0.275900919188 -0.801948658046
-0.638004536281 0.061447523705 -0.767576975629
0.994540014382 0.103130149496 0.0159477916311
-0.170865697772 0.850873360693 -0.496809256544
-0.963748270739 -0.256466209093 0.0735822957079
