-0.25269402345 0.929438574902 -0.268867376222
-0.39742565412 -0.115347899963 0.910355815833
-0.123418757376 -0.663558848931 -0.737873609999
-0.881286228039 -0.172283130142 -0.44006034511
0.693571244699 0.123244204017 0.709767422965
-0.85069912054 0.440895235705 0.286220889252
-0.201374449276 0.261571360656 -0.943943194511
0.70727932849 0.1335671173 -0.69420153894
0.641313883824 0.767186308687 0.0119025282128
0.274688994869 -0.726763993428 0.62957132555
0.680060007403 -0.69609186008 -0.230161918356
-0.594310795518 -0.765933063771 0.245237069289
-0.0354652596013 0.733142555919 0.679149621264
