-0.523836049279 0.239032478696 -0.817593583392
0.924141330966 -0.0753694374124 0.374542718932
-0.142762711647 0.70993147298 0.689649267262
0.187088922829 -0.136186911159 0.97285706051
-0.412523040444 -0.734092015186 0.539382660403
-0.264882086193 0.937444341665 -0.225910572338
-0.050789646892 -0.773800144447 -0.631390329528
-0.898926114353 0.381836387533 0.21478550717
0.452389864876 -0.875570130139 0.169470815675
0.387306858967 0.508123914078 -0.769287647723
0.610466868124 0.78388651337 0.11336726635
0.781812880398 -0.324459060494 -0.532442427036
-0.858789420888 -0.447093488727 -0.250176223708
