0.337994068693 -0.927159567488 -0.161663681588
0.857045156944 -0.34522187497 0.382485889936
-0.689878938025 0.0881341782875 0.718539781423
0.506022597921 0.700587623259 -0.503108450068
-0.148689992953 -0.756264288335 0.637146460545
-0.977322694493 0.0978401908037 -0.187796826099
-0.047820857534 -0.438892087094 -0.897266349236
0.225583841748 0.0508007214287 0.972898359051
0.380767375353 0.817441613634 0.432209919097
-0.47838403077 0.877664273074 0.0292257227996
0.806871357937 -0.199895333781 -0.555878104689
-0.358451892553 0.456003873465 -0.81459972263
-0.599826787573 -0.774810686478 -0.199690322823
