0.572915260998 0.45058274462 0.684648299469
0.143976180887 -0.98793638409 -0.0570312224063
0.485283900958 -0.224574872284 -0.845024060136
-0.394891107148 -0.568466614097 -0.721738679962
-0.218790889283 -0.627598887868 0.747161416772
0.371977915846 0.693702012754 -0.616773822097
0.980744306891 0.151612670044 -0.123102407708
-0.861880300391 0.495714576073 0.106908404101
-0.0457656149031 0.980665517284 0.190264688535
-0.885239604099 -0.456785147255 0.0877392305745
0.697658137714 -0.481531862896 0.5304716655
-0.347249498622 0.306373098291 0.886314453425
-0.51296062569 0.37584608926 -0.771758455529
