0.958010529813 -0.114467048499 0.262893741987
-0.594199245464 -0.155377939276 0.789167252664
0.730847334144 -0.178716467611 -0.658728015481
-0.521379233491 -0.842540351438 0.135238497042
0.319087075893 0.0602355830959 0.945809236859
-0.0424362506836 -0.732542280718 -0.679397506316
0.428601730554 -0.893904509919 0.131283219461
0.71194197052 0.666248371348 -0.221927326591
-0.0942327089101 0.168194272792 -0.981239462706
-0.870232227451 0.474652703333 0.131911642873
-0.827585547556 -0.220486353521 -0.516224688859
-0.195248812177 0.902238446027 -0.384504470527
-0.0949141383189 0.82416503185 0.558339777038
