-0.911759757009 -0.0666024799177 0.405287867038
-0.212669355494 0.315076567556 0.924931620073
0.656787225383 0.483737096673 0.578471228218
0.351619864714 -0.914073574095 -0.202071699846
-0.824078072491 -0.190251920411 -0.533572429215
0.021478299999 -0.387250492542 -0.921724328992
0.266117100675 0.951994648603 -0.151287401194
0.971258455148 -0.234580612998 0.0403602441743
-0.650625459096 0.759292927707 0.0126791920263
-0.344523471385 -0.829134448479 0.44027223852
0.660576773241 0.280053182018 -0.696569122124
0.428066030629 -0.411195900308 0.80478407352
-0.254808738765 0.516743883143 -0.817342196319
