0.446272103625 0.89327445399 -0.0538698373304
0.766565132026 -0.626792809342 0.139673449589
-0.272488867731 0.70980725926 -0.649556365272
-0.930568191264 0.361612872724 -0.057262305992
-0.412563499356 -0.851987316466 0.322349145461
0.901507977607 0.137719447271 -0.410264207742
0.215851419857 -0.412162949909 0.885172224637
0.812645954254 0.238910272872 0.53153403894
-0.679257169762 -0.337316488248 -0.651787759998
0.0910806199033 -0.869990950572 -0.484582363072
-0.0107695841835 0.663349671882 0.74823206886
0.169412394011 -0.0637144881289 -0.983483555916
-0.650708112134 -0.0405668334422 0.758243552447
