-0.596333068201 -0.00596794790528 -0.802714927834
0.445905849299 0.669417984554 -0.594178033519
0.0631724096012 0.423457964387 0.903710461964
-0.0584648348358 0.987378339876 0.147193332156
0.65360659327 -0.293500206449 0.697607375283
-0.133440555538 -0.812062618829 0.568109075125
-0.78740953964 -0.609451802584 -0.0924917142876
0.287862170556 -0.916279367665 -0.278509409453
0.777966558485 0.557229241948 0.290281941907
0.324060540837 -0.215669173257 -0.921125167162
-0.858361552616 0.510784526573 -0.0481104188644
0.949726838693 -0.236858381483 -0.204736511124
-0.719867068495 -0.0729408967064 0.690268809439
