-0.94866505579 -0.0807972612905 -0.305788185662
-0.663160634473 -0.685492041997 0.300530586203
0.801802104053 -0.415128729773 0.429862214731
0.115676517752 0.566471900838 0.81592188891
-0.710773021366 0.698562805123 0.0825331412053
0.835164829648 0.474155511512 0.278704607464
-0.652042688207 0.0960261812059 0.752076661836
0.0159248242426 -0.500385823815 0.865656067557
0.10850528475 -0.115625427275 -0.987348653591
-0.382656428434 -0.737990264362 -0.55582769586
0.707563855982 -0.53678671374 -0.459579605356
0.141254362072 0.989789205872 0.019092750847
0.170372021127 -0.978552401086 0.115795391726
-0.275361640658 0.651650062377 -0.706773063337
0.610971321182 0.522990568413 -0.594302036043
