0.416678270114 -0.133564372598 -0.899188399384
0.169323870944 -0.914769173617 0.366778933048
-0.0550845293374 0.626164923052 -0.777742363361
0.61247002282 0.768009986132 -0.187192767883
-0.238180875489 0.97054889418 0.0361208327401
0.322264279104 -0.210514882972 0.922945945579
-0.484445328594 -0.163440172219 -0.859418427606
0.933275681196 0.110806334911 0.341640833378
-0.522411196178 -0.455708631463 0.72070533876
-0.0241437431427 -0.858101311226 -0.512912487019
-0.795961239775 -0.591543094064 -0.128539770661
0.305579254554 0.66019428473 0.686123039692
-0.570866928861 0.444962216373 0.690014185023
-0.923066209776 0.348020430974 -0.163800341863
0.781650196863 -0.587392790963 -0.209744317848
