0.709882493986 -0.667476524726 0.224815332376
0.197849256902 0.303389362492 -0.932100083827
-0.0632037925676 -0.723864895155 0.687040678685
0.662473415619 0.431486426978 0.61233033318
-0.910438204043 0.102072315267 -0.40085348829
0.548526804454 -0.524104080421 -0.651485423998
0.488962047416 0.856632407743 -0.164611768081
-0.382945438164 0.834347416092 -0.396506217668
0.981303889536 0.100263618497 -0.164285979885
-0.0685450683439 -0.981671004179 -0.177830293146
-0.328470828354 -0.428396986957 -0.841773684838
-0.83155788664 0.278148368011 0.480775380546
-0.794512359298 -0.58058297725 0.177970552201
-0.148329570384 0.867768339699 0.474316821508
-0.0998909774386 0.126560189826 0.986916567384
