0.413918597605 -0.255717144265 -0.873659050595
-0.74151198783 0.503562971516 0.443378287269
-0.593813859605 -0.339299150107 0.729562325561
0.768008338964 -0.0190785343821 0.640155606715
-0.45395798448 -0.472411542934 -0.755479637336
0.970083069035 0.057423423497 -0.235884271637
0.438268032592 -0.872602719125 -0.215605255463
0.41261479378 0.62218901716 -0.665304335534
0.617023899388 0.758795884129 0.208591260154
-0.461919695132 0.429614592005 -0.775926219163
-0.201148536018 0.973896556061 -0.105189184571
-0.427676846669 -0.903177789654 0.0369106366581
0.214518513536 -0.731632988963 0.647066439256
-0.977653791844 -0.196596729624 -0.0744499106426
0.0387692578011 0.448224705806 0.893079816005
