0.356662577563 -0.213858373433 0.909426413669
0.31905448785 0.204616469946 -0.925384424988
-0.26427227445 -0.948695884825 -0.173598050318
-0.515494741873 -0.526659323202 0.675940181071
0.451912422453 -0.63619067169 -0.625329186659
0.705934176833 0.662464321303 -0.250595213401
-0.496010156505 0.517885966015 -0.696970624094
-0.352198215651 0.343502121648 0.870610538252
-0.378305615897 -0.363573931051 -0.851292463047
-0.0922512321873 0.995709302728 0.00725910608728
0.517957502791 -0.81598508975 0.256687277845
0.963301307921 -0.0309939301604 0.26662701748
-0.930153843182 -0.340472174007 -0.137450088179
-0.845962116586 0.51587191589 0.134997272922
0.464431598634 0.633752652612 0.618595882218
