-0.204505521391 0.855671917098 -0.475397793444
0.287915452138 -0.516606776741 -0.806363522641
0.767360920737 0.641084488713 0.012957455687
-0.456208098543 -0.881155031123 -0.124257723903
0.437835658915 -0.899050509013 -0.00284921512976
-0.796874657056 0.497562405895 0.342669568508
0.111387011631 -0.607623372031 0.786375718981
-0.183121177541 0.228316627465 0.95621030739
-0.732618350763 -0.373685182658 0.568884642425
0.943366462114 -0.199118098939 -0.265352031901
-0.950818973891 -0.14164720192 -0.275462064678
0.77419539831 -0.014777610068 0.632774136226
0.000565072630388 0.915914151353 0.401373825809
-0.368999221019 0.0906522188745 -0.924998243296
0.48120064535 0.364829268872 -0.797085656306
