-0.941312837833 -0.203993868172 -0.268917539554
0.559003914718 0.826311497107 -0.0687308742701
0.839378901622 -0.0693529429119 0.539104098317
0.935259525319 0.0555303777818 -0.349579744041
0.0656158687357 -0.256573044766 0.964294991416
0.446594475131 -0.658835756222 -0.605383201869
-0.595383504896 0.315169780546 0.739044309584
0.270478338933 0.597147597517 0.755153106958
0.286684531163 0.417620175787 -0.862209584943
-0.358537371355 -0.893133569783 -0.271594145498
-0.571957104567 0.543530781327 -0.614360936491
-0.655237691553 -0.556091882697 0.51129774649
0.390911825212 -0.86146568961 0.324137024318
-0.308579450823 0.938802577088 0.153063528583
-0.302999006679 -0.26351548121 -0.915833605582
