0.301306659885 -0.00589945439371 0.953509041985
0.595877354653 -0.782916922512 0.178805119212
-0.790944066164 -0.34262594626 -0.506966414222
-0.334402022284 0.399979585218 -0.853341443328
0.430035880122 0.757987748977 0.490432170853
-0.465758690732 0.57297199555 0.674367803445
-0.160557688277 -0.726751691485 0.667872149186
-0.870657871471 0.474066650557 -0.131208542691
0.0155281180555 -0.430484684953 -0.902464300441
-0.121688169747 0.974153272006 -0.190308675532
-0.204136942218 -0.957547506047 -0.203545774913
-0.883161910176 -0.264450461466 0.387415789359
0.814476001131 -0.256086854551 -0.520623056067
0.69208203574 0.624044996714 -0.362753770321
0.945688858215 0.036453721565 0.323022769525
