-0.702633006743 -0.379266369229 0.602049731341
0.365668898136 -0.928860117719 -0.0592042113929
-0.365285175736 0.426970177232 0.827202035867
-0.746246835122 -0.116228995672 -0.655443728809
-0.436158437637 0.722864926025 -0.535940403405
0.135410710912 -0.331704951567 0.933614355329
0.814120330916 -0.285407491475 -0.505717955584
-4.20052241054e-05 0.977241428473 0.212130122121
0.262075765316 0.297461043018 -0.9180594867
0.859378085159 -0.324987224547 0.394781725298
0.787277734307 0.578912269554 -0.212260107475
-0.526706852179 -0.835516017354 -0.15650200194
-0.927216653679 0.35310114378 0.124855353916
0.530286975921 0.450690568855 0.718104264236
0.0176820813295 -0.56622333084 -0.824062184311
