0.527323392696 -0.784099366332 0.327289204272
-0.345105282985 -0.75553444734 0.556839332787
0.257749775985 -0.795118725839 -0.548954701956
-0.356199256905 -0.135785242309 -0.924491458777
0.813198591361 0.0335421865253 0.581018909101
0.454534999765 0.254502868646 -0.853596054255
-0.671609708225 -0.68527503893 -0.281670944254
-0.555054285813 0.8011997289 0.223592786582
0.247503749635 0.735047378281 0.631226778265
0.931892199699 -0.241958592222 -0.270246124469
0.771468156581 0.628984616064 -0.0959960214608
0.0179638762956 -0.0569577554313 0.998214963445
-0.819608539204 0.0120807173828 0.572796559637
-0.289376090384 0.716426671937 -0.634818322083
-0.935007646869 0.177641331947 -0.306927120798
