-0.241208420681 -0.436230519502 0.866903357732
0.371577105692 -0.141363903069 -0.917576537099
0.0404548339242 0.584741521235 -0.810210318224
0.151912560671 -0.822415904054 -0.548228651813
-0.616093052598 0.77553935756 -0.137724563588
0.29744737263 0.157623812311 0.941636763465
0.666024203009 0.628249858733 0.402136638481
0.162664640939 0.979468648262 -0.119085606436
-0.625382012548 -0.666670325857 -0.405521904468
-0.771794802967 0.352284151209 0.52936628049
0.744376923229 0.514607308257 -0.42553767689
0.905613053207 -0.268318199539 -0.328436206373
-0.232075677123 -0.942434130578 0.240746317955
-0.842379287548 -0.425010909787 0.331304787879
-0.429629948718 -0.0627208634211 -0.900824178437
0.557819139602 -0.816716059678 0.147691182399
-0.951734628925 0.0619479790129 -0.300605462362
-0.0958174363363 0.780924036076 0.617233074918
0.87188241882 -0.147519044704 0.46696807086
