0.583902778818 -0.00243959624634 -0.811819926621
-0.647202569922 -0.491590797874 -0.582638241907
0.53440949368 0.845204713073 0.00595701806543
-0.805372629817 0.292071987301 -0.515818651635
-0.597793197807 -0.0315638560269 0.80102872336
0.121098540304 -0.654462440417 -0.746333744125
0.972561211797 0.188429977088 -0.136450844786
0.610303076125 -0.610232803088 0.505119868256
0.135698500479 -0.990586000419 -0.0180358737182
-0.199416283149 0.0432228201025 -0.978961150321
-0.253126957385 0.963096299002 -0.0915000671753
0.179713990212 -0.123841802834 0.975892458006
-0.231518829776 -0.728102625577 0.645186483187
0.189660116068 0.687425210822 -0.701053221873
0.769228926402 -0.574159552915 -0.280406252752
0.715518239153 0.345713912585 0.607054808139
-0.819526931653 0.513041267989 0.255272923821
0.0221665921694 0.767353223535 0.640841378597
-0.956047939719 -0.2663117488 0.122680028573
