-0.713377916178 0.16566436595 0.680916490154
0.571858129124 -0.29779492497 0.764392872034
0.158261647988 -0.872097203851 -0.463033171394
-0.0626620546699 0.993255593369 -0.0975540524357
0.22187584021 -0.906553283698 0.359071379182
-0.00596622915442 -0.18848123778 -0.982058667858
-0.563786367488 -0.801000221608 0.201354356346
0.811863208955 -0.577656364739 -0.0848012630924
0.729835086751 -0.03974523757 -0.682466894609
-0.989012066637 -0.147394672433 -0.0113992361743
-0.70645216622 0.223782561043 -0.671451191239
0.475905225983 0.752645358308 0.455015582699
0.0360012274184 0.294572702742 0.954950697378
-0.775191613716 0.631301465131 0.0231607890362
0.650118085949 0.683832835908 -0.331238776197
-0.233779662139 -0.460893996726 0.856109685351
-0.589317129457 -0.569824544827 -0.572717477506
0.966192409389 0.162919294294 0.199823751306
-0.0023957516211 0.599144744143 -0.800637143742
