-0.861971469229 -0.442778471568 -0.246885421503
0.416434080537 0.791646732749 -0.447077294318
0.891866732943 -0.0500274699999 -0.449523061606
-0.596530096671 -0.633982456465 0.492156569254
0.136318472372 0.945630025183 0.29529837379
0.860372625621 0.485544524697 0.154936953687
0.815963079679 -0.245293372604 0.523483919482
0.289191015931 0.166093466964 -0.942752097074
-0.450323195656 -0.153784497055 -0.879522227075
-0.113288679255 -0.200082680524 0.973207375695
0.659239558007 -0.744244509282 -0.107253510728
0.189046157813 -0.816064181718 0.546169205954
-0.331298234017 0.626451215707 -0.7055496825
0.201614486361 -0.616544667307 -0.76106784987
-0.639237549775 0.768496870987 0.0280698101396
-0.929703099409 0.0898799549479 0.357174664062
-0.230454766043 -0.960591865625 -0.155415148889
0.411780073882 0.395211140365 0.821124427407
-0.382391534865 0.530549401334 0.756501187579
