0.4143119161 0.869032333872 -0.270422704045
-0.636032245556 0.0137875856727 -0.771539295885
0.240580492464 -0.549838126498 0.79987440345
0.706742296237 0.162816264674 -0.688481075025
-0.966914145186 0.244929215991 -0.0713212099877
-0.455114657557 0.846950506839 -0.274855393692
-0.327349096386 -0.884549844235 0.332286235284
0.857693523913 -0.421885019359 0.293895984114
-0.00316496869077 0.508432153302 -0.86109623647
0.216916661352 0.830905173536 0.512390236654
-0.817140611007 -0.537305284329 -0.208768420208
-0.128055003186 -0.883303630345 -0.450972962358
-0.179447581199 0.117635189129 0.976709029282
0.934873144758 0.349137245474 0.0641512823966
0.0910228389239 -0.28900028001 -0.952991962688
-0.790219250456 -0.240631439767 0.563604512406
0.602370680211 0.172588784468 0.779334764461
0.636400991203 -0.621045595921 -0.457488957443
-0.570006827001 0.646689955724 0.50683756603
