-0.477657012012 0.532903655967 -0.698467946532
0.0230014085221 -0.990694437557 0.134147182598
0.759891494126 0.00123733068801 -0.650048756762
-0.838260405306 -0.163732755329 -0.520106794542
0.31444773557 0.670759647655 -0.671717289247
-0.576971486215 -0.252597573792 0.776722839763
0.490920905918 -0.734764828032 -0.468099681285
0.32397024927 0.800079636169 0.50489192247
-0.0533826579947 -0.0991004718358 -0.993644497951
-0.467361865004 0.672716247054 0.5736076517
-0.742297887174 -0.661917140519 0.104209144441
-0.307140499138 -0.766318416936 -0.564287867718
0.0512842647229 0.208323298423 0.976714557855
0.770186695002 0.141049911116 0.622026830142
-0.166999173593 0.980201140127 -0.106381393638
0.76455447727 -0.583808546063 0.273173997354
0.161682592376 -0.56993758197 0.805623914727
0.831684208326 0.551154272681 -0.0673078400097
-0.965579889175 0.159483416345 0.205476318665
