-0.344309759964 0.687579778058 0.639284629879
0.639854611061 -0.718159566071 0.273556053425
0.0982978268622 0.994284674501 0.0416596121643
-0.0495816895591 -0.724009669761 0.688005562589
0.459378377888 0.607769946778 0.647755507674
-0.546748257497 -0.621973079744 -0.560549579428
0.876491101226 -0.303369032553 -0.373805537091
0.436235728827 0.128083652293 -0.890669953973
0.238644128027 -0.635816616443 -0.734020579012
-0.706253978638 -0.670779485729 0.226407153558
-0.647763064503 0.154238888317 -0.74606526363
-0.70140080785 -0.0295681699687 0.712153515804
-0.0751785133798 0.716803033955 -0.693211080148
-0.0326981361758 -0.997117328864 -0.0684679806128
0.793697448973 0.54893665112 -0.262131479511
0.0491472834127 0.0114018794281 0.998726459887
-0.998943734769 0.0323108463125 -0.0326714550656
0.933402270865 0.0260470435044 0.357885110431
-0.648644212351 0.749900956031 -0.130035541016
