-0.120167592314 -0.957046370134 0.263859802113
0.0122482289856 0.978310715932 -0.206780376196
-0.0100097614094 0.506337874643 -0.862277079238
0.663703430148 0.72170555971 0.196567652205
0.988313133512 -0.0168924509591 0.151498499093
0.721522769392 -0.609219729681 -0.329023121097
0.548471312588 0.0876439794053 0.831563438435
-0.0610514484108 -0.450540046337 0.890666260332
0.598565825921 -0.649732370589 0.468579554236
-0.482885205741 -0.239592631799 -0.842269107153
-0.0238588994832 -0.847126569983 -0.530855279096
0.0357053918883 0.708436485728 0.704870818434
-0.727676365731 -0.661951774336 -0.179741356429
0.321688244241 -0.228304187566 -0.918909065935
-0.621967629343 0.746335036082 0.236939405684
-0.733816650646 0.451944789491 -0.507207088363
-0.99021568278 0.0343062992663 0.135262631229
-0.563870009529 0.176412864876 0.806801780774
0.769649691074 0.345433152782 -0.536949988349
