-0.45183468734 0.887932508633 0.0861468248363
-0.960852094941 -0.276230159941 0.0214511161862
0.617949456274 0.460384039972 -0.637326451067
-0.631642652071 -0.18214360726 0.753559066311
-0.135837941986 0.751856178818 -0.645182408231
0.759641999178 -0.380221518318 0.527613144351
-0.119958475645 -0.789198577231 0.602308533741
0.52472632972 0.51723234427 0.676116100192
0.372403166302 0.927896489988 -0.0179995999182
-0.274392178907 0.54166945238 0.794545868099
0.4226001231 -0.906195240764 0.0148095094974
-0.435867484445 -0.889863603387 -0.134767590209
0.0272601419562 0.0435814236863 -0.998677898108
0.108930022956 -0.703773511334 -0.70202357143
-0.616627884549 -0.34773887241 -0.706291532309
0.141688900761 -0.125394419693 0.981937113522
0.814729919066 -0.369923359338 -0.446510769405
0.968085058587 0.243780166145 0.0581596933838
-0.820230500863 0.382285046982 -0.425535037698
