-0.521472516147 0.208669925495 0.827359218899
0.12613511166 -0.959996658687 0.249992697725
-0.435514224739 -0.581019774579 0.687563365515
-0.441529517367 0.523060391533 -0.729012696805
0.593652936342 0.74885339164 0.294609553478
0.621896491549 -0.312458886066 -0.718062809452
-0.962174516573 -0.126888794587 0.241079724294
-0.130999285645 -0.179510044421 -0.974995041584
0.1857265397 -0.151645869346 0.970829121299
-0.615757824568 -0.784660203346 -0.0717681459174
-0.182966446954 0.855477950154 0.484438598885
-0.782067896052 0.623181516104 -0.00382151148291
0.0369251636375 -0.839259762165 -0.542475422393
0.064104816468 0.958917011072 -0.276348943154
0.358628567721 0.442842452908 -0.821751855682
0.805050225903 -0.593000934293 0.0156213220094
0.941263417974 0.245882724078 -0.231440843377
-0.817199337345 -0.168185808281 -0.55127014878
0.843326788127 0.0212133865715 0.536982234956
